[header]
width=24
height=24
tilewidth=32
tileheight=32
orientation=orthogonal

[tilesets]
tileset=../Pokemon Tile Sets/Windleaf Province.png,32,32,0,0

[layer]
type=Under
data=
33,34,35,36,33,34,35,36,33,34,35,36,33,34,35,36,33,34,35,36,33,34,35,36,
41,42,43,44,41,42,43,44,41,42,43,44,41,42,43,44,41,42,43,44,41,42,43,44,
49,50,51,52,49,50,51,52,49,50,51,52,49,50,51,52,49,50,51,52,49,50,51,52,
57,58,59,60,57,58,59,60,57,58,59,60,57,58,59,60,57,58,59,60,57,58,59,60,
33,34,35,36,33,34,35,36,33,34,35,36,33,34,35,36,33,34,35,36,33,34,35,36,
41,42,43,44,41,42,43,44,41,42,43,44,41,42,43,44,41,42,43,44,41,42,43,44,
49,50,51,52,49,50,51,52,49,50,51,52,49,50,51,52,49,50,51,52,49,50,51,52,
57,58,59,60,57,58,59,60,57,58,59,60,57,58,59,60,57,58,59,60,57,58,59,60,
33,34,35,36,33,34,35,36,33,34,35,36,33,34,35,36,33,34,35,36,33,34,35,36,
41,42,43,44,41,42,43,44,41,42,43,44,41,42,43,44,41,42,43,44,41,42,43,44,
49,50,51,52,49,50,51,52,49,50,51,52,49,50,51,52,49,50,51,52,49,50,51,52,
57,58,59,60,57,58,59,60,57,58,59,60,57,58,59,60,57,58,59,60,57,58,59,60,
33,34,35,36,33,34,35,36,33,34,35,36,33,34,35,36,33,34,35,36,33,34,35,36,
41,42,43,44,41,42,43,44,41,42,409,410,411,42,43,44,41,42,43,44,41,42,43,44,
49,50,51,52,49,50,51,52,49,50,417,418,419,50,51,52,49,50,51,52,49,50,51,52,
57,58,59,60,57,58,59,60,57,58,417,418,419,58,59,60,57,58,59,60,57,58,59,60,
33,34,35,36,33,34,35,36,33,34,417,418,419,34,35,36,33,34,35,36,33,34,35,36,
41,42,43,44,41,42,43,44,41,42,417,418,419,42,43,44,41,42,43,44,41,42,43,44,
49,50,51,52,49,50,51,52,49,50,417,418,419,50,51,52,49,50,51,52,49,50,51,52,
57,58,59,60,57,58,59,60,57,58,417,418,419,58,59,60,57,58,59,60,57,58,59,60,
33,34,35,36,33,34,35,36,33,34,425,426,427,34,35,36,33,34,35,36,33,34,35,36,
41,42,43,44,41,42,43,44,41,42,43,44,41,42,43,44,41,42,43,44,41,42,43,44,
49,50,51,52,49,50,51,52,49,50,51,52,49,50,51,52,49,50,51,52,49,50,51,52,
57,58,59,60,57,58,59,60,57,58,59,60,57,58,59,60,57,58,59,60,57,58,59,60

[layer]
type=Grass
data=
0,0,0,0,0,0,0,0,0,0,0,0,0,0,0,0,0,0,0,0,0,0,0,0,
0,0,0,0,0,0,0,0,0,0,0,0,0,0,0,0,0,0,0,0,0,0,0,0,
0,0,0,0,0,0,0,0,0,0,0,0,0,0,0,0,0,0,0,0,0,0,0,0,
0,0,0,0,0,0,0,0,0,0,0,0,0,0,0,0,0,0,0,0,0,0,0,0,
0,0,0,0,0,2245,0,0,0,0,0,0,0,0,0,2245,0,2200,0,2200,0,0,0,0,
0,0,0,2245,0,0,0,0,0,0,0,0,0,0,0,0,0,2208,0,0,0,0,0,0,
0,0,0,0,0,0,0,2245,0,0,0,0,0,0,0,2200,0,0,2245,0,0,2200,0,0,
0,0,2223,2224,2224,2224,0,2245,0,0,0,0,0,0,0,2208,2245,0,2200,0,0,2208,0,0,
0,0,2231,2232,2232,2232,0,0,0,0,0,0,0,0,0,0,0,0,2208,0,2245,0,0,0,
0,0,2223,2224,2223,2224,0,0,0,0,0,0,0,0,0,0,0,0,0,2200,0,2200,0,0,
0,0,2231,2232,2231,2232,2245,0,0,0,0,0,0,0,0,0,0,0,0,2208,0,2208,0,0,
0,0,0,0,0,0,0,0,0,0,0,0,0,0,0,0,0,0,0,0,0,0,0,0,
0,0,0,0,0,0,0,0,0,0,0,0,0,0,0,0,0,0,0,0,0,0,0,0,
0,0,0,0,0,0,0,0,0,0,0,0,0,0,0,0,0,0,0,0,0,0,0,0,
0,0,2217,2218,2218,2218,2218,2219,0,0,0,0,0,0,0,0,0,0,0,0,0,0,0,0,
0,0,2225,2226,2226,2226,2226,2227,0,0,0,0,0,0,0,0,0,0,0,0,0,0,0,0,
0,0,2225,2226,2226,2226,2226,2227,0,0,0,0,0,0,0,0,0,0,0,0,0,0,0,0,
0,0,2225,2226,2226,2226,2226,2227,0,0,0,0,0,0,0,0,0,0,0,0,0,0,0,0,
0,0,2225,2226,2226,2226,2226,2227,0,0,0,0,0,0,0,0,0,0,0,0,0,0,0,0,
0,0,2233,2234,2234,2234,2234,2235,0,0,0,0,0,0,0,0,0,0,0,0,0,0,0,0,
0,0,0,0,0,0,0,0,0,0,0,0,0,0,0,0,0,0,0,0,0,0,0,0,
0,0,0,0,0,0,0,0,0,0,0,0,0,0,0,0,0,0,0,0,0,0,0,0,
0,0,0,0,0,0,0,0,0,0,0,0,0,0,0,0,0,0,0,0,0,0,0,0,
0,0,0,0,0,0,0,0,0,0,0,0,0,0,0,0,0,0,0,0,0,0,0,0

[layer]
type=Base
data=
0,0,0,0,0,0,0,0,0,0,0,0,0,0,0,0,0,0,0,0,0,0,0,0,
857,858,857,858,857,858,857,858,857,858,857,858,857,858,857,858,857,858,857,858,857,858,857,858,
865,866,865,866,865,866,865,866,865,866,865,866,865,866,865,866,865,866,865,866,865,866,865,866,
857,858,873,874,873,874,873,874,873,874,873,874,873,874,873,874,873,874,873,874,873,874,857,858,
865,866,0,0,2306,2307,2252,2304,5049,5050,5051,5052,5053,5054,5055,0,0,0,2304,2304,2304,2252,865,866,
857,858,0,0,0,0,0,2304,5057,5058,5059,5060,5061,5062,5063,0,0,0,0,0,2306,2307,857,858,
865,866,0,0,0,0,0,0,5065,5066,5067,5068,5069,5070,5071,0,0,0,0,0,0,0,865,866,
857,858,0,0,0,0,0,0,5073,5074,5075,5076,5077,5078,5079,0,0,0,0,0,0,0,857,858,
865,866,0,0,0,0,0,0,5081,5082,5083,5084,5085,5086,5087,2165,2166,2167,0,0,0,0,865,866,
857,858,0,0,0,0,0,0,5089,5090,5091,5092,5093,5094,5095,2173,2174,2175,0,0,0,0,857,858,
865,866,0,0,0,0,0,0,5097,5098,5099,5100,5101,5102,5103,2181,2182,2183,0,0,0,0,865,866,
857,858,3105,3106,3106,3106,3106,3106,3107,5106,5107,5108,2158,5110,3105,3106,3106,3107,0,3105,3106,3107,857,858,
865,866,2325,2326,0,0,0,0,0,3408,0,0,2928,3408,0,0,0,0,0,0,2325,2326,865,866,
857,858,2333,2334,0,0,0,0,0,3416,0,0,0,3416,0,0,0,0,0,0,2333,2334,857,858,
865,866,0,0,0,0,0,0,0,0,0,0,0,0,0,0,0,0,0,0,0,0,865,866,
857,858,0,0,0,0,0,0,0,3408,0,0,0,3408,0,0,620,621,621,621,622,0,857,858,
865,866,0,0,0,0,0,0,0,3416,0,0,0,3416,0,0,628,629,629,629,630,0,865,866,
857,858,0,0,0,0,0,0,0,0,0,0,0,2925,0,0,628,629,629,629,630,0,857,858,
865,866,0,0,0,0,0,0,0,0,0,0,0,0,0,0,636,637,637,637,638,0,865,866,
857,858,0,0,0,0,0,0,0,0,0,0,0,0,0,0,0,0,0,0,0,0,857,858,
865,866,0,0,0,0,0,0,0,0,0,0,0,0,0,0,0,0,0,0,0,0,865,866,
857,858,857,858,857,858,857,858,857,858,857,858,857,858,857,858,857,858,857,858,857,858,857,858,
865,866,865,866,865,866,865,866,865,866,865,866,865,866,865,866,865,866,865,866,865,866,865,866,
873,874,873,874,873,874,873,874,873,874,873,874,873,874,873,874,873,874,873,874,873,874,873,874

[layer]
type=Over
data=
849,850,849,850,849,850,849,850,849,850,849,850,849,850,849,850,849,850,849,850,849,850,849,850,
0,0,0,0,0,0,0,0,5025,5026,5027,5028,5029,5030,5031,0,0,0,0,0,0,0,0,0,
849,850,0,0,0,0,0,0,5033,5034,5035,5036,5037,5038,5039,0,0,0,0,0,0,0,849,850,
0,0,0,0,0,0,0,0,5041,5042,5043,5044,5045,5046,5047,0,0,0,0,0,0,0,0,0,
849,850,0,0,0,0,0,0,0,0,0,0,0,0,0,0,0,0,0,0,0,0,849,850,
0,0,0,0,0,0,0,0,0,0,0,0,0,0,0,0,0,0,0,0,0,0,0,0,
849,850,0,0,0,0,0,0,0,0,0,0,0,0,0,0,0,0,0,0,0,0,849,850,
0,0,0,0,0,0,0,0,0,0,0,0,0,0,0,0,0,0,0,0,0,0,0,0,
849,850,0,0,0,0,0,0,0,0,0,0,0,0,0,0,0,0,0,0,0,0,849,850,
0,0,0,0,0,0,0,0,0,0,0,0,0,0,0,0,0,0,0,0,0,0,0,0,
849,850,0,0,0,0,0,0,0,0,2150,0,2150,0,0,0,0,0,0,0,0,0,849,850,
0,0,0,0,0,0,0,0,0,3400,2158,0,2920,3400,0,0,0,0,0,0,0,0,0,0,
849,850,0,0,0,0,0,0,0,0,0,0,0,0,0,0,0,0,0,0,0,0,849,850,
0,0,0,0,0,0,0,0,0,0,0,0,0,0,0,0,0,0,0,0,0,0,0,0,
849,850,0,0,0,0,0,0,0,3400,0,0,0,3400,0,0,0,0,0,0,0,0,849,850,
0,0,0,0,0,0,0,0,0,0,0,0,0,0,0,0,0,0,0,0,0,0,0,0,
849,850,0,0,0,0,0,0,0,0,0,0,0,0,0,0,0,0,0,0,0,0,849,850,
0,0,0,0,0,0,0,0,0,0,0,0,0,0,0,0,0,0,0,0,0,0,0,0,
849,850,0,0,0,0,0,0,0,0,0,0,0,0,0,0,0,0,0,0,0,0,849,850,
0,0,0,0,0,0,0,0,0,0,0,0,0,0,0,0,0,0,0,0,0,0,0,0,
849,850,849,850,849,850,849,850,849,850,849,850,849,850,849,850,849,850,849,850,849,850,849,850,
0,0,0,0,0,0,0,0,0,0,0,0,0,0,0,0,0,0,0,0,0,0,0,0,
0,0,0,0,0,0,0,0,0,0,0,0,0,0,0,0,0,0,0,0,0,0,0,0,
0,0,0,0,0,0,0,0,0,0,0,0,0,0,0,0,0,0,0,0,0,0,0,0

